#Frame        angle_A
       1      63.7654
       2      52.5110
       3      52.3841
       4      62.1763
       5      71.7464
       6      75.2704
       7      80.5094
       8      95.5853
       9      85.6468
      10      66.5859
      11      71.0638
      12      66.0093
      13      60.5738
      14      63.2547
      15      50.5389
      16      43.8967
      17      48.1872
      18      51.8169
      19      44.9082
      20      52.0230
      21      55.0580
      22      51.5806
      23      78.0342
      24      68.4571
      25      58.0891
      26      58.3001
      27      72.4141
      28      74.5598
      29      76.4598
      30      72.0278
      31      72.1593
      32      73.4161
      33      74.2066
      34      64.4146
      35      54.9718
      36      51.6920
      37      56.7024
      38      71.8019
      39      59.1553
      40      60.2039
      41      51.5329
      42      67.7037
      43      69.7336
      44      66.9039
      45      79.5203
      46      78.1395
      47      88.6369
      48      83.1618
      49      88.2341
      50      77.7077
      51      79.7893
      52      77.1449
      53      81.8686
      54      76.3372
      55      77.7019
      56      77.4849
      57      83.8695
      58      70.3322
      59      89.8566
      60      90.6965
      61     102.9717
      62      98.1561
      63      99.4596
      64      99.6034
      65      95.0546
      66      93.4081
      67      87.1618
      68      88.4794
      69      92.9252
      70      94.2096
      71      93.3045
      72      80.4152
      73      88.0237
      74      91.1589
      75      96.0506
      76      86.0297
      77      84.4569
      78      88.7066
      79      87.3984
      80      73.4364
      81      80.9862
      82      84.3143
      83      77.2041
      84      78.8042
      85      90.1378
      86      64.3621
      87      88.9244
      88      85.9635
      89      79.1035
      90      87.2920
      91      84.1383
      92      86.7278
      93      83.0986
      94      89.7116
      95      82.3259
      96      37.1396
      97      60.3880
      98      58.8553
      99      46.9276
     100      74.4348
     101      52.7641
     102      78.1227
     103      53.3598
     104      45.2158
     105      44.4352
     106      38.0398
     107      28.4818
     108      33.1343
     109      30.0531
     110      33.2408
     111      41.7781
     112      57.7816
     113      45.2928
     114      44.3961
     115      52.6699
     116      51.6202
     117      54.9775
     118      64.7279
     119      52.7896
     120      54.9971
     121      48.5463
     122      47.2795
     123      57.3368
     124      51.6525
     125      58.1707
     126      47.2878
     127      50.9633
     128      50.8241
     129      55.5941
     130      46.3051
     131      52.4261
     132      54.9045
     133      55.9694
     134      47.2709
     135      48.7580
     136      53.5262
     137      52.5426
     138      68.9040
     139      67.2778
     140      58.0019
     141      61.3630
     142      61.0312
     143      62.7329
     144      62.2812
     145      68.4832
     146      73.6747
     147      65.7780
     148      29.8279
     149      50.8766
     150      59.1236
