GCN RESULTS -> FP11, FP12, FP7, FP18

75 ns RANDOM SPLIT

ONE FILE PER FP COMPOUND BEST MODEL
	training_loss	test_accuracy	test_loss
0	0.578312	0.753333	0.526599
1	0.579616	0.753333	0.463335
2	0.441405	0.753333	0.438667
3	0.384646	0.775000	0.426401
4	0.437360	0.753333	0.377699
5	0.338102	0.931667	0.285650
6	0.122479	0.991667	0.141018
7	0.076586	0.995000	0.076518
8	0.289429	0.995000	0.048751
9	0.033882	0.995000	0.034656
10	0.031066	0.996667	0.025852
11	0.008803	0.996667	0.021232
12	0.002877	0.996667	0.017374
13	0.017923	0.996667	0.014795
14	0.001870	0.996667	0.012712
15	0.003284	0.996667	0.012926
16	0.004172	0.996667	0.011360
17	0.002104	0.996667	0.012851
18	0.000602	0.998333	0.009203
19	0.003746	0.996667	0.010038

TWO FILES PER FP COMPOUND
	training_loss	test_accuracy	test_loss
0	0.502528	0.764167	0.452073
1	0.301652	0.780833	0.361204
2	0.319756	0.836667	0.310877
3	0.150857	0.941667	0.217383
4	0.067520	0.968333	0.125814
5	0.032725	0.978333	0.088380
6	0.005180	0.979167	0.063942
7	0.065795	0.980833	0.050526
8	0.017642	0.988333	0.037422
9	0.001693	0.990833	0.030681
10	0.014151	0.994167	0.027085
11	0.005274	0.991667	0.030139
12	0.002967	0.984167	0.034680
13	0.003107	0.988333	0.025728
14	0.003318	0.996667	0.016848
15	0.006804	0.997500	0.015247
16	0.001093	0.997500	0.013721
17	0.000217	0.996667	0.012354
18	0.003040	0.996667	0.012196
19	0.007359	0.996667	0.018572

THREE FILES PER FP COMPOUND
	training_loss	test_accuracy	test_loss
0	0.264046	0.781111	0.373625
1	0.205409	0.816111	0.333720
2	0.383820	0.837778	0.303350
3	0.264784	0.861667	0.271530
4	0.477778	0.876667	0.243568
5	0.207374	0.868889	0.256521
6	0.142090	0.898889	0.204098
7	0.226878	0.902222	0.192446
8	0.176830	0.900556	0.194115
9	0.071446	0.906667	0.177687
10	0.021552	0.893333	0.213117
11	0.278038	0.914444	0.169644
12	0.287470	0.919444	0.160660
13	0.072357	0.920556	0.153970
14	0.257207	0.922222	0.149890
15	0.295885	0.923333	0.150885
16	0.162315	0.923889	0.146612
17	0.179352	0.923889	0.147216
18	0.036771	0.923889	0.140142
19	0.084537	0.923889	0.138753


THREE FILES PER FP COMPOUND WITH BACKBONE OF THE FULL COMPLEX
	training_loss	test_accuracy	test_loss
0	0.692806	0.492222	0.689750
1	0.693220	0.492222	0.690556
2	0.691832	0.507778	0.689405
3	0.698238	0.492222	0.689943
4	0.696154	0.492222	0.689672
5	0.685448	0.507778	0.689218
6	0.691284	0.507778	0.689255
7	0.686632	0.507778	0.689234
8	0.694874	0.492222	0.689438
9	0.704180	0.492222	0.689594
10	0.698803	0.492222	0.689502
11	0.690283	0.492222	0.689245
12	0.698788	0.507778	0.689088
13	0.692439	0.744444	0.689139
14	0.692308	0.507778	0.689077
15	0.692534	0.492222	0.689223
16	0.692346	0.492222	0.689322
17	0.689758	0.507778	0.689136
18	0.692326	0.492222	0.689579
19	0.692379	0.705556	0.689308

---------------------------------------------------------------------------------------------

150ns RANDOM SPLIT

ONE FILE PER FP COMPOUND BEST MODEL

training_loss	test_accuracy	test_loss
0	0.391198	0.764167	0.465867
1	0.333266	0.764167	0.389264
2	0.086283	0.955000	0.144620
3	0.026601	0.982500	0.059079
4	0.102637	0.995000	0.026840
5	0.016780	0.998333	0.017359
6	0.000005	0.997500	0.013359
7	0.000013	0.998333	0.012715
8	0.006252	0.997500	0.015318
9	0.006054	0.997500	0.008207
10	0.000007	0.998333	0.008494
11	0.000063	0.998333	0.009377
12	0.003829	0.998333	0.010272
13	0.000408	0.998333	0.006546
14	0.001097	0.997500	0.010445
15	0.011049	0.998333	0.007462
16	0.000205	0.995833	0.016095
17	0.016153	0.996667	0.007994
18	0.000308	0.998333	0.005790
19	0.006674	0.995833	0.014091

TWO FILES PER FP COMPOUND
	training_loss	test_accuracy	test_loss
0	0.394107	0.740000	0.458324
1	0.179644	0.742083	0.399354
2	0.434915	0.827917	0.343555
3	0.339150	0.877083	0.308172
4	0.326684	0.879583	0.268205
5	0.227766	0.918333	0.209097
6	0.050821	0.941250	0.160788
7	0.268590	0.935000	0.159852
8	0.128722	0.950833	0.126380
9	0.050524	0.948750	0.122023
10	0.032292	0.959167	0.106770
11	0.002792	0.960833	0.098394
12	0.067849	0.964167	0.091371
13	0.012659	0.944583	0.121695
14	0.233939	0.960417	0.099327
15	0.207253	0.965000	0.088006
16	0.026698	0.970417	0.077841
17	0.008522	0.974583	0.073273
18	0.039880	0.970417	0.076212
19	0.021765	0.974583	0.067726

THREE FILES PER FP COMPOUND
	training_loss	test_accuracy	test_loss
0	0.512704	0.745556	0.442231
1	0.156657	0.869444	0.258914
2	0.358716	0.922222	0.214348
3	0.050722	0.923889	0.203287
4	0.279952	0.922222	0.195604
5	0.282586	0.931389	0.181094
6	0.054702	0.933611	0.170281
7	0.107553	0.948333	0.149301
8	0.011790	0.957778	0.123546
9	0.015206	0.960278	0.110780
10	0.058555	0.962778	0.103360
11	0.404978	0.962500	0.103946
12	0.004472	0.962222	0.095607
13	0.027016	0.966111	0.092218
14	0.010952	0.966389	0.089158
15	0.056287	0.966944	0.088348
16	0.162852	0.952222	0.129640
17	0.094154	0.967778	0.085630
18	0.244824	0.966389	0.089481
19	0.000426	0.967500	0.082922

THREE FILES PER FP COMPOUND WITH BACKBONE OF THE FULL COMPLEX
	training_loss	test_accuracy	test_loss
0	0.681699	0.498889	0.691842
1	0.688325	0.498889	0.690631
2	0.689422	0.498889	0.689846
3	0.534695	0.736944	0.485994
4	0.527547	0.749167	0.462675
5	0.341169	0.748056	0.462905
6	0.421090	0.772500	0.441464
7	0.376548	0.777222	0.435015
8	0.275244	0.778056	0.449061
9	0.868434	0.782500	0.423938
10	0.448899	0.783889	0.420935
11	0.213010	0.787222	0.424513
12	0.455495	0.787500	0.420933
13	0.441592	0.796667	0.411890
14	0.332373	0.802778	0.394433
15	0.107459	0.834444	0.370052
16	0.479653	0.847500	0.324791
17	0.237922	0.851111	0.316146
18	0.262628	0.851667	0.305187
19	0.195257	0.854167	0.306866










