150 ns SIMULATIONS
Backbone selection_string = "name CA N C O" (2 trajectories)
	training_loss	test_accuracy	test_loss
0	0.696559	0.521667	0.682997
1	0.710198	0.478333	0.684417
2	0.694344	0.478333	0.687602
3	0.692140	0.478333	0.683502
4	0.661825	0.478333	0.685522
5	0.676620	0.478333	0.684554
6	0.697327	0.521667	0.682178
7	0.675201	0.521667	0.681596
8	0.708968	0.478333	0.686943
9	0.677597	0.478333	0.686625
10	0.678155	0.478333	0.683678
11	0.696356	0.478333	0.682596
12	0.685574	0.521667	0.681332
13	0.694225	0.521667	0.681685
14	0.692954	0.521667	0.681576
15	0.691240	0.478333	0.682114
16	0.702946	0.478333	0.682994
17	0.693269	0.478333	0.681846
18	0.703008	0.521667	0.680748
19	0.680361	0.521667	0.680490

Backbone selection_string = "name CA N C O" (6 trajectories)
	training_loss	test_accuracy	test_loss
0	0.693208	0.491111	0.690446
1	0.707231	0.508889	0.689489
2	0.684313	0.491111	0.690935
3	0.692654	0.508889	0.689444
4	0.692596	0.491111	0.689682
5	0.685064	0.491111	0.690062
6	0.691272	0.508889	0.689576
7	0.701101	0.491111	0.690746
8	0.693123	0.508889	0.689662
9	0.693034	0.491111	0.690087
10	0.690486	0.491111	0.689949
11	0.691254	0.508889	0.689789
12	0.690228	0.491111	0.690214
13	0.688678	0.491111	0.690464
14	0.678754	0.491111	0.690991
15	0.693136	0.491111	0.690265
16	0.693128	0.508889	0.689971
17	0.692367	0.491111	0.690119
18	0.697187	0.491111	0.690248
19	0.696414	0.491111	0.690212

MD-2 Backbone selection_string = "resid 613:754 and name CA N C O" (2 trajectories)
	training_loss	test_accuracy	test_loss
0	0.716579	0.521667	0.679984
1	0.684438	0.488333	0.678385
2	0.673781	0.521667	0.673500
3	0.695639	0.521667	0.668496
4	0.652731	0.478333	0.663540
5	0.658375	0.931667	0.648631
6	0.629167	0.868333	0.629856
7	0.595559	0.940000	0.595381
8	0.561805	0.960000	0.548695
9	0.448993	0.988333	0.485885
10	0.449301	0.958333	0.417438
11	0.345163	0.978333	0.342781
12	0.325912	0.946667	0.288522
13	0.150445	0.963333	0.231157
14	0.209162	0.990000	0.183773
15	0.085073	0.971667	0.160576
16	0.097391	0.991667	0.135411
17	0.150491	0.983333	0.115542
18	0.127149	0.983333	0.102708
19	0.064624	0.990000	0.089174

MD-2 Backbone selection_string = "resid 613:754 and name CA N C O" (6 trajectories)
	training_loss	test_accuracy	test_loss
0	0.695930	0.508889	0.688118
1	0.687318	0.550556	0.686658
2	0.700841	0.491111	0.684810
3	0.696500	0.491111	0.682234
4	0.686597	0.491111	0.679523
5	0.676730	0.517778	0.671208
6	0.721604	0.531667	0.662244
7	0.673353	0.790556	0.640426
8	0.635118	0.733333	0.618501
9	0.594275	0.771111	0.586029
10	0.459154	0.707778	0.553999
11	0.514099	0.875000	0.497230
12	0.381663	0.850556	0.458153
13	0.413137	0.867222	0.417029
14	0.339609	0.890556	0.380824
15	0.470714	0.835000	0.372890
16	0.372547	0.885000	0.334830
17	0.238182	0.896111	0.306006
18	0.404412	0.895000	0.295214
19	0.390947	0.828889	0.331917


------------------------------------------------------------------------------------------------------------

75ns SIMULATIONS
Backbone selection_string = "name CA N C O" (2 trajectories)
	training_loss	test_accuracy	test_loss
0	0.681533	0.486667	0.694259
1	0.693855	0.513333	0.692442
2	0.686180	0.486667	0.693464
3	0.692738	0.486667	0.693482
4	0.710754	0.513333	0.692203
5	0.697987	0.486667	0.693008
6	0.701380	0.486667	0.692475
7	0.696808	0.513333	0.691517
8	0.697786	0.486667	0.691970
9	0.691227	0.513333	0.691632
10	0.705207	0.486667	0.692190
11	0.691559	0.513333	0.691310
12	0.686259	0.513333	0.691246
13	0.710734	0.486667	0.692188
14	0.706171	0.486667	0.692560
15	0.684212	0.486667	0.692382
16	0.691157	0.513333	0.690661
17	0.691103	0.486667	0.691104
18	0.705404	0.513333	0.690419
19	0.690527	0.513333	0.690483


Backbone selection_string = "name CA N C O" (6 trajectories)
	training_loss	test_accuracy	test_loss
0	0.696881	0.495556	0.693253
1	0.692805	0.504444	0.692834
2	0.686971	0.504444	0.692938
3	0.693515	0.504444	0.693051
4	0.684485	0.504444	0.693156
5	0.686448	0.495556	0.692931
6	0.681744	0.495556	0.694596
7	0.705234	0.495556	0.692910
8	0.698997	0.504444	0.692730
9	0.688108	0.495556	0.693063
10	0.682667	0.495556	0.693114
11	0.707283	0.495556	0.693283
12	0.693926	0.504444	0.693246
13	0.692916	0.495556	0.692884
14	0.692985	0.495556	0.693015
15	0.692376	0.495556	0.692884
16	0.690832	0.495556	0.693005
17	0.692974	0.495556	0.693050
18	0.694069	0.504444	0.692927
19	0.693017	0.504444	0.692918

MD-2 Backbone selection_string = "resid 613:754 and name CA N C O" (2 trajectories)
	training_loss	test_accuracy	test_loss
0	0.705350	0.486667	0.693774
1	0.686049	0.543333	0.688278
2	0.686690	0.486667	0.686775
3	0.684207	0.486667	0.684188
4	0.688902	0.486667	0.681596
5	0.661901	0.513333	0.675575
6	0.674665	0.903333	0.670551
7	0.664118	0.513333	0.664036
8	0.652795	1.000000	0.655298
9	0.590586	0.486667	0.648467
10	0.608968	0.856667	0.632651
11	0.682362	0.806667	0.616872
12	0.587325	1.000000	0.590628
13	0.634655	0.970000	0.569362
14	0.542604	1.000000	0.533636
15	0.489643	1.000000	0.499827
16	0.470603	1.000000	0.465318
17	0.428439	1.000000	0.415396
18	0.366916	1.000000	0.369582
19	0.350360	1.000000	0.321284

MD-2 Backbone selection_string = "resid 613:754 and name CA N C O" (6 trajectories)
	training_loss	test_accuracy	test_loss
0	0.730263	0.495556	0.694157
1	0.685908	0.495556	0.689187
2	0.682339	0.510000	0.686751
3	0.684519	0.495556	0.685282
4	0.675852	0.495556	0.682895
5	0.687009	0.741111	0.678934
6	0.674960	0.504444	0.675931
7	0.669046	0.706667	0.670473
8	0.668922	0.511111	0.665736
9	0.654559	0.900000	0.655675
10	0.656408	0.855556	0.645514
11	0.618532	0.613333	0.638200
12	0.583743	0.695556	0.619850
13	0.619414	0.858889	0.596067
14	0.604095	0.858889	0.575676
15	0.558508	0.667778	0.566453
16	0.537414	0.898889	0.516079
17	0.450030	0.908889	0.491357
18	0.501594	0.921111	0.451827
19	0.481897	0.941111	0.418936

Attentional Aggragation MD-2 Backbone selection_string = "resid 613:754 and name CA N C O" (6 trajectories)
	training_loss	test_accuracy	test_loss
0	0.693095	0.495556	0.691051
1	0.693714	0.495556	0.689334
2	0.704203	0.504444	0.687726
3	0.683467	0.922222	0.685351
4	0.686672	0.838889	0.682889
5	0.655049	0.495556	0.682125
6	0.670203	0.756667	0.676120
7	0.725681	0.504444	0.674776
8	0.658067	0.824444	0.665213
9	0.652048	0.704444	0.656953
10	0.665968	0.713333	0.642973
11	0.638641	0.836667	0.615998
12	0.557309	0.761111	0.559757
13	0.389409	0.933333	0.359759
14	0.250265	0.936667	0.239830
15	0.091905	0.960000	0.174893
16	0.138448	0.964444	0.147872
17	0.155715	0.973333	0.108803
18	0.039953	0.987778	0.066252
19	0.054152	0.992222	0.047040
































